[gd_scene load_steps=5 format=2]

[ext_resource path="res://Menu/EarthBackground/raw_earth.tscn" type="PackedScene" id=1]
[ext_resource path="res://Menu/EarthBackground/earth.gd" type="Script" id=2]
[ext_resource path="res://Menu/EarthBackground/sun_pivot.gd" type="Script" id=3]

[sub_resource type="Environment" id=1]
background_mode = 1
ambient_light_color = Color( 0.298039, 0.541176, 0.658824, 1 )
ambient_light_energy = 0.5

[node name="GlobeAndLight" type="Spatial"]

[node name="earth" parent="." instance=ExtResource( 1 )]
transform = Transform( -0.241207, 0.694513, 0.677842, -0.369456, 0.580156, -0.725894, -0.897397, -0.425524, 0.116655, 0, 0, 0 )
script = ExtResource( 2 )
_sun_path = NodePath("../SunPivot/DirectionalLight")

[node name="Camera" type="Camera" parent="."]
transform = Transform( -0.628338, -0.301132, 0.717295, -0.0713901, 0.940472, 0.332289, -0.774658, 0.157582, -0.612432, 4.3305, 0.64805, -2.03899 )
environment = SubResource( 1 )

[node name="SunPivot" type="Spatial" parent="."]
transform = Transform( 0.0871905, 0, 0.996192, 0, 1, 0, -0.996192, 0, 0.0871905, 0, 0, 0 )
script = ExtResource( 3 )
rotation_speed = 2.0

[node name="DirectionalLight" type="DirectionalLight" parent="SunPivot"]
transform = Transform( 1, 0, 0, 0, 1, 0, 0, 0, 1, 0, 0, 8.0419 )
light_energy = 0.929
